"C:\Program Files\Java\jdk-17\bin\java.exe" "-javaagent:C:\Program Files\JetBrains\IntelliJ IDEA 2021.3.2\lib\idea_rt.jar=61947" -Dfile.encoding=UTF-8 -classpath C:\Users\karln\IdeaProjects\Hdf5JavaLib\target\classes;C:\Users\karln\.m2\repository\org\slf4j\slf4j-api\2.0.17\slf4j-api-2.0.17.jar;C:\Users\karln\.m2\repository\ch\qos\logback\logback-classic\1.5.18\logback-classic-1.5.18.jar;C:\Users\karln\.m2\repository\ch\qos\logback\logback-core\1.5.18\logback-core-1.5.18.jar org.hdf5javalib.redo.examples.HDF5Examples.ExamplesRead
Running h5ex_t_array.h5
12:24:24.501 [main] INFO org.hdf5javalib.redo.examples.HDF5Examples.ExamplesRead -- RootGroup: HdfGroup{name=''
objectHeader=HdfObjectHeaderPrefixV1 { Version: 1 Total Header Messages: 1 Object Reference Count: 1 Object Header Size: 24
SymbolTableMessage(24){bTreeAddress=136, localHeapAddress=680}}
bTree=HdfBTreeV1{signature='TREE', nodeType=0, nodeLevel=0, entriesUsed=1, leftSiblingAddress=undefined, rightSiblingAddress=undefined, keyZero=0, entries=[HdfBTreeEntry{key="+key", childPointer="1072", payload(SNOD)=HdfGroupSymbolTableNode{signature='SNOD', version=1, numberOfSymbols=1, symbolTableEntries=
[HdfSymbolTableEntry{linkNameOffset=8, cacheType=HdfSymbolTableEntryCacheNotUsed{cacheType=0, dataSet=HdfDataSet{, datasetName='DS1', hdfDatatype=ArrayDatatype{size=120, dimensionality=2, dimensionSizes=[3, 5], permutationIndices=[0, 1], baseType=FixedPointDatatype{classAndVersion=16, littleEndian=true, loPad=false, hiPad=false, signed=true, size=8, bitOffset=0, bitPrecision=64}}, attributes=[], dataObjectHeaderPrefix=HdfObjectHeaderPrefixV1 { Version: 1 Total Header Messages: 6 Object Reference Count: 1 Object Header Size: 256
DataspaceMessage(32){version=1, dimensionality=1, flags={0}, dimensions=[4], maxDimensions=[4], hasMaxDimensions=true}
DatatypeMessage(48){hdfDatatype=ArrayDatatype{size=120, dimensionality=2, dimensionSizes=[3, 5], permutationIndices=[0, 1], baseType=FixedPointDatatype{classAndVersion=16, littleEndian=true, loPad=false, hiPad=false, signed=true, size=8, bitOffset=0, bitPrecision=64}}}
FillValueMessage(16){version=2, spaceAllocationTime=2, fillValueWriteTime=2, fillValueDefined=1, size=0, fillValue=0 bytes}
DataLayoutMessage(32){version=3, layoutClass=1, dataAddress=2048, dimensionSizes=[480], compactDataSize=N/A, compactData=N/A, datasetElementSize=N/A}
ObjectModificationTimeMessage(16){version=1, secondsAfterEpoch=2025-05-28T23:31:10Z}
NilMessage(112){}}, closed=false}}}]
}}]}
localHeap=HdfLocalHeap{signature='HEAP', version=0, heapData=HdfLocalHeapData{, dataSegmentSize=88, freeListOffset=16, dataSegmentAddress=null, heapData={0=HdfLocalHeapDataValue[value=, offset=0], 8=HdfLocalHeapDataValue[value=DS1, offset=8]}}}}
DS1
HdfData(HdfData[]) read   = [[0, 0, 0, 0, 0, 0, -1, -2, -3, -4, 0, -2, -4, -6, -8], [0, 1, 2, 3, 4, 1, 1, 1, 1, 1, 2, 1, 0, -1, -2], [0, 2, 4, 6, 8, 2, 3, 4, 5, 6, 4, 4, 4, 4, 4], [0, 3, 6, 9, 12, 3, 5, 7, 9, 11, 6, 7, 8, 9, 10]]
HdfData(HdfData[]) stream = [[0, 0, 0, 0, 0, 0, -1, -2, -3, -4, 0, -2, -4, -6, -8], [0, 1, 2, 3, 4, 1, 1, 1, 1, 1, 2, 1, 0, -1, -2], [0, 2, 4, 6, 8, 2, 3, 4, 5, 6, 4, 4, 4, 4, 4], [0, 3, 6, 9, 12, 3, 5, 7, 9, 11, 6, 7, 8, 9, 10]]
Running h5ex_t_arrayatt.h5
12:24:24.577 [main] INFO org.hdf5javalib.redo.examples.HDF5Examples.ExamplesRead -- RootGroup: HdfGroup{name=''
objectHeader=HdfObjectHeaderPrefixV1 { Version: 1 Total Header Messages: 1 Object Reference Count: 1 Object Header Size: 24
SymbolTableMessage(24){bTreeAddress=136, localHeapAddress=680}}
bTree=HdfBTreeV1{signature='TREE', nodeType=0, nodeLevel=0, entriesUsed=1, leftSiblingAddress=undefined, rightSiblingAddress=undefined, keyZero=0, entries=[HdfBTreeEntry{key="+key", childPointer="1072", payload(SNOD)=HdfGroupSymbolTableNode{signature='SNOD', version=1, numberOfSymbols=1, symbolTableEntries=
[HdfSymbolTableEntry{linkNameOffset=8, cacheType=HdfSymbolTableEntryCacheNotUsed{cacheType=0, dataSet=HdfDataSet{, datasetName='DS1', hdfDatatype=FixedPointDatatype{classAndVersion=16, littleEndian=true, loPad=false, hiPad=false, signed=true, size=4, bitOffset=0, bitPrecision=32}, attributes=[AttributeMessage(568){version=1, name='A1', value='[0, 0, 0, 0, 0, 0, -1, -2, -3, -4, 0, -2, -4, -6, -8]'}], dataObjectHeaderPrefix=HdfObjectHeaderPrefixV1 { Version: 1 Total Header Messages: 8 Object Reference Count: 1 Object Header Size: 256
DataspaceMessage(16){version=2, dimensionality=0, flags={}, dimensions=[], maxDimensions=Not Present, hasMaxDimensions=false}
DatatypeMessage(24){hdfDatatype=FixedPointDatatype{classAndVersion=16, littleEndian=true, loPad=false, hiPad=false, signed=true, size=4, bitOffset=0, bitPrecision=32}}
FillValueMessage(16){version=2, spaceAllocationTime=2, fillValueWriteTime=2, fillValueDefined=1, size=0, fillValue=0 bytes}
DataLayoutMessage(32){version=3, layoutClass=1, dataAddress=<Undefined>, dimensionSizes=[0], compactDataSize=N/A, compactData=N/A, datasetElementSize=N/A}
ObjectModificationTimeMessage(16){version=1, secondsAfterEpoch=2025-05-28T23:31:10Z}
ObjectHeaderContinuationMessage(24){continuationOffset=1400, continuationSize=568}
NilMessage(128){}
AttributeMessage(568){version=1, name='A1', value='[0, 0, 0, 0, 0, 0, -1, -2, -3, -4, 0, -2, -4, -6, -8]'}}, closed=false}}}]
}}]}
localHeap=HdfLocalHeap{signature='HEAP', version=0, heapData=HdfLocalHeapData{, dataSegmentSize=88, freeListOffset=16, dataSegmentAddress=null, heapData={0=HdfLocalHeapDataValue[value=, offset=0], 8=HdfLocalHeapDataValue[value=DS1, offset=8]}}}}
DS1
Running h5ex_t_bit.h5
12:24:24.585 [main] INFO org.hdf5javalib.redo.examples.HDF5Examples.ExamplesRead -- RootGroup: HdfGroup{name=''
objectHeader=HdfObjectHeaderPrefixV1 { Version: 1 Total Header Messages: 1 Object Reference Count: 1 Object Header Size: 24
SymbolTableMessage(24){bTreeAddress=136, localHeapAddress=680}}
bTree=HdfBTreeV1{signature='TREE', nodeType=0, nodeLevel=0, entriesUsed=1, leftSiblingAddress=undefined, rightSiblingAddress=undefined, keyZero=0, entries=[HdfBTreeEntry{key="+key", childPointer="1072", payload(SNOD)=HdfGroupSymbolTableNode{signature='SNOD', version=1, numberOfSymbols=1, symbolTableEntries=
[HdfSymbolTableEntry{linkNameOffset=8, cacheType=HdfSymbolTableEntryCacheNotUsed{cacheType=0, dataSet=HdfDataSet{, datasetName='DS1', hdfDatatype=BitFieldDatatype{size=1, bitOffset=0, bitPrecision=8, bigEndian=true, loPadValue=0, hiPadValue=0}, attributes=[], dataObjectHeaderPrefix=HdfObjectHeaderPrefixV1 { Version: 1 Total Header Messages: 6 Object Reference Count: 1 Object Header Size: 256
DataspaceMessage(48){version=1, dimensionality=2, flags={0}, dimensions=[4, 7], maxDimensions=[4, 7], hasMaxDimensions=true}
DatatypeMessage(24){hdfDatatype=BitFieldDatatype{size=1, bitOffset=0, bitPrecision=8, bigEndian=true, loPadValue=0, hiPadValue=0}}
FillValueMessage(16){version=2, spaceAllocationTime=2, fillValueWriteTime=2, fillValueDefined=1, size=0, fillValue=0 bytes}
DataLayoutMessage(32){version=3, layoutClass=1, dataAddress=2048, dimensionSizes=[28], compactDataSize=N/A, compactData=N/A, datasetElementSize=N/A}
ObjectModificationTimeMessage(16){version=1, secondsAfterEpoch=2025-05-28T23:31:11Z}
NilMessage(120){}}, closed=false}}}]
}}]}
localHeap=HdfLocalHeap{signature='HEAP', version=0, heapData=HdfLocalHeapData{, dataSegmentSize=88, freeListOffset=16, dataSegmentAddress=null, heapData={0=HdfLocalHeapDataValue[value=, offset=0], 8=HdfLocalHeapDataValue[value=DS1, offset=8]}}}}
DS1
HdfData(HdfData[][]) read   = [[00000000, 01010011, 10100010, 11110001, 00000000, 01010011, 10100010], [01000100, 10010100, 11100100, 00110100, 01000100, 10010100, 11100100], [10001000, 11011001, 00101010, 01111011, 10001000, 11011001, 00101010], [11001100, 00011110, 01101100, 10111110, 11001100, 00011110, 01101100]]
HdfData(HdfData[][]) stream = [[00000000, 01010011, 10100010, 11110001, 00000000, 01010011, 10100010], [01000100, 10010100, 11100100, 00110100, 01000100, 10010100, 11100100], [10001000, 11011001, 00101010, 01111011, 10001000, 11011001, 00101010], [11001100, 00011110, 01101100, 10111110, 11001100, 00011110, 01101100]]
Running h5ex_t_bitatt.h5
12:24:24.592 [main] INFO org.hdf5javalib.redo.examples.HDF5Examples.ExamplesRead -- RootGroup: HdfGroup{name=''
objectHeader=HdfObjectHeaderPrefixV1 { Version: 1 Total Header Messages: 1 Object Reference Count: 1 Object Header Size: 24
SymbolTableMessage(24){bTreeAddress=136, localHeapAddress=680}}
bTree=HdfBTreeV1{signature='TREE', nodeType=0, nodeLevel=0, entriesUsed=1, leftSiblingAddress=undefined, rightSiblingAddress=undefined, keyZero=0, entries=[HdfBTreeEntry{key="+key", childPointer="1072", payload(SNOD)=HdfGroupSymbolTableNode{signature='SNOD', version=1, numberOfSymbols=1, symbolTableEntries=
[HdfSymbolTableEntry{linkNameOffset=8, cacheType=HdfSymbolTableEntryCacheNotUsed{cacheType=0, dataSet=HdfDataSet{, datasetName='DS1', hdfDatatype=FixedPointDatatype{classAndVersion=16, littleEndian=true, loPad=false, hiPad=false, signed=true, size=4, bitOffset=0, bitPrecision=32}, attributes=[AttributeMessage(112){version=1, name='A1', value='00000000'}], dataObjectHeaderPrefix=HdfObjectHeaderPrefixV1 { Version: 1 Total Header Messages: 7 Object Reference Count: 1 Object Header Size: 256
DataspaceMessage(16){version=2, dimensionality=0, flags={}, dimensions=[], maxDimensions=Not Present, hasMaxDimensions=false}
DatatypeMessage(24){hdfDatatype=FixedPointDatatype{classAndVersion=16, littleEndian=true, loPad=false, hiPad=false, signed=true, size=4, bitOffset=0, bitPrecision=32}}
FillValueMessage(16){version=2, spaceAllocationTime=2, fillValueWriteTime=2, fillValueDefined=1, size=0, fillValue=0 bytes}
DataLayoutMessage(32){version=3, layoutClass=1, dataAddress=<Undefined>, dimensionSizes=[0], compactDataSize=N/A, compactData=N/A, datasetElementSize=N/A}
ObjectModificationTimeMessage(16){version=1, secondsAfterEpoch=2025-05-28T23:31:11Z}
AttributeMessage(112){version=1, name='A1', value='00000000'}
NilMessage(40){}}, closed=false}}}]
}}]}
localHeap=HdfLocalHeap{signature='HEAP', version=0, heapData=HdfLocalHeapData{, dataSegmentSize=88, freeListOffset=16, dataSegmentAddress=null, heapData={0=HdfLocalHeapDataValue[value=, offset=0], 8=HdfLocalHeapDataValue[value=DS1, offset=8]}}}}
DS1
Running h5ex_t_cmpd.h5
12:24:24.607 [main] INFO org.hdf5javalib.redo.examples.HDF5Examples.ExamplesRead -- RootGroup: HdfGroup{name=''
objectHeader=HdfObjectHeaderPrefixV1 { Version: 1 Total Header Messages: 1 Object Reference Count: 1 Object Header Size: 24
SymbolTableMessage(24){bTreeAddress=136, localHeapAddress=680}}
bTree=HdfBTreeV1{signature='TREE', nodeType=0, nodeLevel=0, entriesUsed=1, leftSiblingAddress=undefined, rightSiblingAddress=undefined, keyZero=0, entries=[HdfBTreeEntry{key="+key", childPointer="1192", payload(SNOD)=HdfGroupSymbolTableNode{signature='SNOD', version=1, numberOfSymbols=1, symbolTableEntries=
[HdfSymbolTableEntry{linkNameOffset=8, cacheType=HdfSymbolTableEntryCacheNotUsed{cacheType=0, dataSet=HdfDataSet{, datasetName='DS1', hdfDatatype=CompoundDatatype { classAndVersion: 22 classBitField: {2}, size: 48, 
Member{name='Serial number', offset=0, dimensionality=0, dimensionPermutation=0, dimensionSizes=[0, 0, 0, 0], type=FixedPointDatatype{classAndVersion=16, littleEndian=false, loPad=false, hiPad=false, signed=true, size=8, bitOffset=0, bitPrecision=64}, sizeMessageData=60}
Member{name='Location', offset=8, dimensionality=0, dimensionPermutation=0, dimensionSizes=[0, 0, 0, 0], type=VariableLengthDatatype{size=16, type='String', padding='Null Terminate', charSet='ASCII'}, sizeMessageData=68}
Member{name='Temperature (F)', offset=32, dimensionality=0, dimensionPermutation=0, dimensionSizes=[0, 0, 0, 0], type=FloatingPointDatatype{size=8, bitOffset=0, bitPrecision=64, exponentLocation=52, exponentSize=11, mantissaLocation=0, mantissaSize=52, exponentBias=1023}, sizeMessageData=68}
Member{name='Pressure (inHg)', offset=40, dimensionality=0, dimensionPermutation=0, dimensionSizes=[0, 0, 0, 0], type=FloatingPointDatatype{size=8, bitOffset=0, bitPrecision=64, exponentLocation=52, exponentSize=11, mantissaLocation=0, mantissaSize=52, exponentBias=1023}, sizeMessageData=68}, attributes=[], dataObjectHeaderPrefix=HdfObjectHeaderPrefixV1 { Version: 1 Total Header Messages: 5 Object Reference Count: 1 Object Header Size: 376
DataspaceMessage(32){version=1, dimensionality=1, flags={0}, dimensions=[4], maxDimensions=[4], hasMaxDimensions=true}
DatatypeMessage(280){hdfDatatype=CompoundDatatype { classAndVersion: 22 classBitField: {2}, size: 48, 
Member{name='Serial number', offset=0, dimensionality=0, dimensionPermutation=0, dimensionSizes=[0, 0, 0, 0], type=FixedPointDatatype{classAndVersion=16, littleEndian=false, loPad=false, hiPad=false, signed=true, size=8, bitOffset=0, bitPrecision=64}, sizeMessageData=60}
Member{name='Location', offset=8, dimensionality=0, dimensionPermutation=0, dimensionSizes=[0, 0, 0, 0], type=VariableLengthDatatype{size=16, type='String', padding='Null Terminate', charSet='ASCII'}, sizeMessageData=68}
Member{name='Temperature (F)', offset=32, dimensionality=0, dimensionPermutation=0, dimensionSizes=[0, 0, 0, 0], type=FloatingPointDatatype{size=8, bitOffset=0, bitPrecision=64, exponentLocation=52, exponentSize=11, mantissaLocation=0, mantissaSize=52, exponentBias=1023}, sizeMessageData=68}
Member{name='Pressure (inHg)', offset=40, dimensionality=0, dimensionPermutation=0, dimensionSizes=[0, 0, 0, 0], type=FloatingPointDatatype{size=8, bitOffset=0, bitPrecision=64, exponentLocation=52, exponentSize=11, mantissaLocation=0, mantissaSize=52, exponentBias=1023}, sizeMessageData=68}}
FillValueMessage(16){version=2, spaceAllocationTime=2, fillValueWriteTime=0, fillValueDefined=1, size=0, fillValue=0 bytes}
DataLayoutMessage(32){version=3, layoutClass=1, dataAddress=2048, dimensionSizes=[192], compactDataSize=N/A, compactData=N/A, datasetElementSize=N/A}
ObjectModificationTimeMessage(16){version=1, secondsAfterEpoch=2025-05-28T23:31:11Z}}, closed=false}}}]
}}]}
localHeap=HdfLocalHeap{signature='HEAP', version=0, heapData=HdfLocalHeapData{, dataSegmentSize=88, freeListOffset=16, dataSegmentAddress=null, heapData={0=HdfLocalHeapDataValue[value=, offset=0], 8=HdfLocalHeapDataValue[value=DS1, offset=8]}}}}
DS1
HdfData(HdfData[]) read   = [1153, Exterior (static), 1.1920392515278585E-14, 3.070733824170739E90, 1184, Intake, -9.539767610322231E-233, 4.6672614692633455E-62, 1027, Intake manifold, 4.667261468365516E-62, 7.688168983161245E284, 1313, Exhaust manifold, -2.439312392945428E19, -1.4959242067111115E114]
HdfData(HdfData[]) stream = [1153, Exterior (static), 1.1920392515278585E-14, 3.070733824170739E90, 1184, Intake, -9.539767610322231E-233, 4.6672614692633455E-62, 1027, Intake manifold, 4.667261468365516E-62, 7.688168983161245E284, 1313, Exhaust manifold, -2.439312392945428E19, -1.4959242067111115E114]
Running h5ex_t_cmpdatt.h5
12:24:24.627 [main] INFO org.hdf5javalib.redo.examples.HDF5Examples.ExamplesRead -- RootGroup: HdfGroup{name=''
objectHeader=HdfObjectHeaderPrefixV1 { Version: 1 Total Header Messages: 1 Object Reference Count: 1 Object Header Size: 24
SymbolTableMessage(24){bTreeAddress=136, localHeapAddress=680}}
bTree=HdfBTreeV1{signature='TREE', nodeType=0, nodeLevel=0, entriesUsed=1, leftSiblingAddress=undefined, rightSiblingAddress=undefined, keyZero=0, entries=[HdfBTreeEntry{key="+key", childPointer="1072", payload(SNOD)=HdfGroupSymbolTableNode{signature='SNOD', version=1, numberOfSymbols=1, symbolTableEntries=
[HdfSymbolTableEntry{linkNameOffset=8, cacheType=HdfSymbolTableEntryCacheNotUsed{cacheType=0, dataSet=HdfDataSet{, datasetName='DS1', hdfDatatype=FixedPointDatatype{classAndVersion=16, littleEndian=true, loPad=false, hiPad=false, signed=true, size=4, bitOffset=0, bitPrecision=32}, attributes=[AttributeMessage(512){version=1, name='A1', value='1153, Exterior (static), 1.1920392515278585E-14, 3.070733824170739E90'}], dataObjectHeaderPrefix=HdfObjectHeaderPrefixV1 { Version: 1 Total Header Messages: 8 Object Reference Count: 1 Object Header Size: 256
DataspaceMessage(16){version=2, dimensionality=0, flags={}, dimensions=[], maxDimensions=Not Present, hasMaxDimensions=false}
DatatypeMessage(24){hdfDatatype=FixedPointDatatype{classAndVersion=16, littleEndian=true, loPad=false, hiPad=false, signed=true, size=4, bitOffset=0, bitPrecision=32}}
FillValueMessage(16){version=2, spaceAllocationTime=2, fillValueWriteTime=2, fillValueDefined=1, size=0, fillValue=0 bytes}
DataLayoutMessage(32){version=3, layoutClass=1, dataAddress=<Undefined>, dimensionSizes=[0], compactDataSize=N/A, compactData=N/A, datasetElementSize=N/A}
ObjectModificationTimeMessage(16){version=1, secondsAfterEpoch=2025-05-28T23:31:11Z}
ObjectHeaderContinuationMessage(24){continuationOffset=1400, continuationSize=512}
NilMessage(128){}
AttributeMessage(512){version=1, name='A1', value='1153, Exterior (static), 1.1920392515278585E-14, 3.070733824170739E90'}}, closed=false}}}]
}}]}
localHeap=HdfLocalHeap{signature='HEAP', version=0, heapData=HdfLocalHeapData{, dataSegmentSize=88, freeListOffset=16, dataSegmentAddress=null, heapData={0=HdfLocalHeapDataValue[value=, offset=0], 8=HdfLocalHeapDataValue[value=DS1, offset=8]}}}}
DS1
Running h5ex_t_commit.h5
12:24:24.628 [main] INFO org.hdf5javalib.redo.examples.HDF5Examples.ExamplesRead -- RootGroup: HdfGroup{name=''
objectHeader=HdfObjectHeaderPrefixV1 { Version: 1 Total Header Messages: 1 Object Reference Count: 1 Object Header Size: 24
SymbolTableMessage(24){bTreeAddress=136, localHeapAddress=680}}
bTree=HdfBTreeV1{signature='TREE', nodeType=0, nodeLevel=0, entriesUsed=1, leftSiblingAddress=undefined, rightSiblingAddress=undefined, keyZero=0, entries=[HdfBTreeEntry{key="+key", childPointer="1096", payload(SNOD)=HdfGroupSymbolTableNode{signature='SNOD', version=1, numberOfSymbols=1, symbolTableEntries=
[HdfSymbolTableEntry{linkNameOffset=8, cacheType=HdfSymbolTableEntryCacheNotUsed{cacheType=0, dataSet=HdfDataSet{, datasetName='Sensor_Type', hdfDatatype=CompoundDatatype { classAndVersion: 22 classBitField: {2}, size: 40, 
Member{name='Serial number', offset=0, dimensionality=0, dimensionPermutation=0, dimensionSizes=[0, 0, 0, 0], type=FixedPointDatatype{classAndVersion=16, littleEndian=false, loPad=false, hiPad=false, signed=true, size=8, bitOffset=0, bitPrecision=64}, sizeMessageData=60}
Member{name='Location', offset=8, dimensionality=0, dimensionPermutation=0, dimensionSizes=[0, 0, 0, 0], type=VariableLengthDatatype{size=16, type='String', padding='Null Terminate', charSet='ASCII'}, sizeMessageData=68}
Member{name='Temperature (F)', offset=24, dimensionality=0, dimensionPermutation=0, dimensionSizes=[0, 0, 0, 0], type=FloatingPointDatatype{size=8, bitOffset=0, bitPrecision=64, exponentLocation=52, exponentSize=11, mantissaLocation=0, mantissaSize=52, exponentBias=1023}, sizeMessageData=68}
Member{name='Pressure (inHg)', offset=32, dimensionality=0, dimensionPermutation=0, dimensionSizes=[0, 0, 0, 0], type=FloatingPointDatatype{size=8, bitOffset=0, bitPrecision=64, exponentLocation=52, exponentSize=11, mantissaLocation=0, mantissaSize=52, exponentBias=1023}, sizeMessageData=68}, attributes=[], dataObjectHeaderPrefix=HdfObjectHeaderPrefixV1 { Version: 1 Total Header Messages: 1 Object Reference Count: 1 Object Header Size: 280
DatatypeMessage(280){hdfDatatype=CompoundDatatype { classAndVersion: 22 classBitField: {2}, size: 40, 
Member{name='Serial number', offset=0, dimensionality=0, dimensionPermutation=0, dimensionSizes=[0, 0, 0, 0], type=FixedPointDatatype{classAndVersion=16, littleEndian=false, loPad=false, hiPad=false, signed=true, size=8, bitOffset=0, bitPrecision=64}, sizeMessageData=60}
Member{name='Location', offset=8, dimensionality=0, dimensionPermutation=0, dimensionSizes=[0, 0, 0, 0], type=VariableLengthDatatype{size=16, type='String', padding='Null Terminate', charSet='ASCII'}, sizeMessageData=68}
Member{name='Temperature (F)', offset=24, dimensionality=0, dimensionPermutation=0, dimensionSizes=[0, 0, 0, 0], type=FloatingPointDatatype{size=8, bitOffset=0, bitPrecision=64, exponentLocation=52, exponentSize=11, mantissaLocation=0, mantissaSize=52, exponentBias=1023}, sizeMessageData=68}
Member{name='Pressure (inHg)', offset=32, dimensionality=0, dimensionPermutation=0, dimensionSizes=[0, 0, 0, 0], type=FloatingPointDatatype{size=8, bitOffset=0, bitPrecision=64, exponentLocation=52, exponentSize=11, mantissaLocation=0, mantissaSize=52, exponentBias=1023}, sizeMessageData=68}}}, closed=false}}}]
}}]}
localHeap=HdfLocalHeap{signature='HEAP', version=0, heapData=HdfLocalHeapData{, dataSegmentSize=88, freeListOffset=24, dataSegmentAddress=null, heapData={0=HdfLocalHeapDataValue[value=, offset=0], 8=HdfLocalHeapDataValue[value=Sensor_Type, offset=8]}}}}
Sensor_Type
Running h5ex_t_cpxcmpd.h5
12:24:24.645 [main] INFO org.hdf5javalib.redo.examples.HDF5Examples.ExamplesRead -- RootGroup: HdfGroup{name=''
objectHeader=HdfObjectHeaderPrefixV1 { Version: 1 Total Header Messages: 1 Object Reference Count: 1 Object Header Size: 24
SymbolTableMessage(24){bTreeAddress=136, localHeapAddress=680}}
bTree=HdfBTreeV1{signature='TREE', nodeType=0, nodeLevel=0, entriesUsed=1, leftSiblingAddress=undefined, rightSiblingAddress=undefined, keyZero=0, entries=[HdfBTreeEntry{key="+key", childPointer="1072", payload(SNOD)=HdfGroupSymbolTableNode{signature='SNOD', version=1, numberOfSymbols=4, symbolTableEntries=
[HdfSymbolTableEntry{linkNameOffset=48, cacheType=HdfSymbolTableEntryCacheGroupMetadata{cacheType=1group=HdfGroup{name='Air_Vehicles'
objectHeader=HdfObjectHeaderPrefixV1 { Version: 1 Total Header Messages: 1 Object Reference Count: 1 Object Header Size: 24
SymbolTableMessage(24){bTreeAddress=10360, localHeapAddress=10904}}
bTree=HdfBTreeV1{signature='TREE', nodeType=0, nodeLevel=0, entriesUsed=0, leftSiblingAddress=undefined, rightSiblingAddress=undefined, keyZero=0, entries=[<empty>]}
localHeap=HdfLocalHeap{signature='HEAP', version=0, heapData=HdfLocalHeapData{, dataSegmentSize=88, freeListOffset=8, dataSegmentAddress=null, heapData={0=HdfLocalHeapDataValue[value=, offset=0]}}}}}}, HdfSymbolTableEntry{linkNameOffset=8, cacheType=HdfSymbolTableEntryCacheNotUsed{cacheType=0, dataSet=HdfDataSet{, datasetName='Ambient_Temperature', hdfDatatype=FloatingPointDatatype{size=8, bitOffset=0, bitPrecision=64, exponentLocation=52, exponentSize=11, mantissaLocation=0, mantissaSize=52, exponentBias=1023}, attributes=[], dataObjectHeaderPrefix=HdfObjectHeaderPrefixV1 { Version: 1 Total Header Messages: 6 Object Reference Count: 1 Object Header Size: 256
DataspaceMessage(48){version=1, dimensionality=2, flags={0}, dimensions=[32, 32], maxDimensions=[32, 32], hasMaxDimensions=true}
DatatypeMessage(32){hdfDatatype=FloatingPointDatatype{size=8, bitOffset=0, bitPrecision=64, exponentLocation=52, exponentSize=11, mantissaLocation=0, mantissaSize=52, exponentBias=1023}}
FillValueMessage(16){version=2, spaceAllocationTime=2, fillValueWriteTime=2, fillValueDefined=1, size=0, fillValue=0 bytes}
DataLayoutMessage(32){version=3, layoutClass=1, dataAddress=2048, dimensionSizes=[8192], compactDataSize=N/A, compactData=N/A, datasetElementSize=N/A}
ObjectModificationTimeMessage(16){version=1, secondsAfterEpoch=2025-05-28T23:31:11Z}
NilMessage(112){}}, closed=false}}}, HdfSymbolTableEntry{linkNameOffset=64, cacheType=HdfSymbolTableEntryCacheNotUsed{cacheType=0, dataSet=HdfDataSet{, datasetName='DS1', hdfDatatype=CompoundDatatype { classAndVersion: 38 classBitField: {1, 2}, size: 88, 
Member{name='Sensors', offset=0, dimensionality=0, dimensionPermutation=0, dimensionSizes=[0, 0, 0, 0], type=VariableLengthDatatype{size=16, type='Sequence', padding='Null Terminate', charSet='ASCII'}, sizeMessageData=60}
Member{name='Name', offset=16, dimensionality=0, dimensionPermutation=0, dimensionSizes=[0, 0, 0, 0], type=VariableLengthDatatype{size=16, type='String', padding='Null Terminate', charSet='ASCII'}, sizeMessageData=60}
Member{name='Color', offset=32, dimensionality=0, dimensionPermutation=0, dimensionSizes=[0, 0, 0, 0], type=EnumDatatype{size=4, numMembers=3, baseType=FixedPointDatatype{classAndVersion=16, littleEndian=true, loPad=false, hiPad=false, signed=true, size=4, bitOffset=0, bitPrecision=32}}, sizeMessageData=60}
Member{name='Location', offset=40, dimensionality=0, dimensionPermutation=0, dimensionSizes=[0, 0, 0, 0], type=ArrayDatatype{size=24, dimensionality=1, dimensionSizes=[3], permutationIndices=[0], baseType=FloatingPointDatatype{size=8, bitOffset=0, bitPrecision=64, exponentLocation=52, exponentSize=11, mantissaLocation=0, mantissaSize=52, exponentBias=1023}}, sizeMessageData=56}
Member{name='Group', offset=64, dimensionality=0, dimensionPermutation=0, dimensionSizes=[0, 0, 0, 0], type=ReferenceDatatype{size=8, version=1, type=Object Reference (H5R_OBJECT1)}, sizeMessageData=48}
Member{name='Surveyed areas', offset=72, dimensionality=0, dimensionPermutation=0, dimensionSizes=[0, 0, 0, 0], type=ReferenceDatatype{size=12, version=1, type=Dataset Region Reference (H5R_DATASET_REGION1)}, sizeMessageData=56}, attributes=[], dataObjectHeaderPrefix=HdfObjectHeaderPrefixV1 { Version: 1 Total Header Messages: 5 Object Reference Count: 1 Object Header Size: 504
DataspaceMessage(32){version=1, dimensionality=1, flags={0}, dimensions=[2], maxDimensions=[2], hasMaxDimensions=true}
DatatypeMessage(408){hdfDatatype=CompoundDatatype { classAndVersion: 38 classBitField: {1, 2}, size: 88, 
Member{name='Sensors', offset=0, dimensionality=0, dimensionPermutation=0, dimensionSizes=[0, 0, 0, 0], type=VariableLengthDatatype{size=16, type='Sequence', padding='Null Terminate', charSet='ASCII'}, sizeMessageData=60}
Member{name='Name', offset=16, dimensionality=0, dimensionPermutation=0, dimensionSizes=[0, 0, 0, 0], type=VariableLengthDatatype{size=16, type='String', padding='Null Terminate', charSet='ASCII'}, sizeMessageData=60}
Member{name='Color', offset=32, dimensionality=0, dimensionPermutation=0, dimensionSizes=[0, 0, 0, 0], type=EnumDatatype{size=4, numMembers=3, baseType=FixedPointDatatype{classAndVersion=16, littleEndian=true, loPad=false, hiPad=false, signed=true, size=4, bitOffset=0, bitPrecision=32}}, sizeMessageData=60}
Member{name='Location', offset=40, dimensionality=0, dimensionPermutation=0, dimensionSizes=[0, 0, 0, 0], type=ArrayDatatype{size=24, dimensionality=1, dimensionSizes=[3], permutationIndices=[0], baseType=FloatingPointDatatype{size=8, bitOffset=0, bitPrecision=64, exponentLocation=52, exponentSize=11, mantissaLocation=0, mantissaSize=52, exponentBias=1023}}, sizeMessageData=56}
Member{name='Group', offset=64, dimensionality=0, dimensionPermutation=0, dimensionSizes=[0, 0, 0, 0], type=ReferenceDatatype{size=8, version=1, type=Object Reference (H5R_OBJECT1)}, sizeMessageData=48}
Member{name='Surveyed areas', offset=72, dimensionality=0, dimensionPermutation=0, dimensionSizes=[0, 0, 0, 0], type=ReferenceDatatype{size=12, version=1, type=Dataset Region Reference (H5R_DATASET_REGION1)}, sizeMessageData=56}}
FillValueMessage(16){version=2, spaceAllocationTime=2, fillValueWriteTime=0, fillValueDefined=1, size=0, fillValue=0 bytes}
DataLayoutMessage(32){version=3, layoutClass=1, dataAddress=16384, dimensionSizes=[176], compactDataSize=N/A, compactData=N/A, datasetElementSize=N/A}
ObjectModificationTimeMessage(16){version=1, secondsAfterEpoch=2025-05-28T23:31:11Z}}, closed=false}}}, HdfSymbolTableEntry{linkNameOffset=32, cacheType=HdfSymbolTableEntryCacheGroupMetadata{cacheType=1group=HdfGroup{name='Land_Vehicles'
objectHeader=HdfObjectHeaderPrefixV1 { Version: 1 Total Header Messages: 1 Object Reference Count: 1 Object Header Size: 24
SymbolTableMessage(24){bTreeAddress=1440, localHeapAddress=10240}}
bTree=HdfBTreeV1{signature='TREE', nodeType=0, nodeLevel=0, entriesUsed=0, leftSiblingAddress=undefined, rightSiblingAddress=undefined, keyZero=0, entries=[<empty>]}
localHeap=HdfLocalHeap{signature='HEAP', version=0, heapData=HdfLocalHeapData{, dataSegmentSize=88, freeListOffset=8, dataSegmentAddress=null, heapData={0=HdfLocalHeapDataValue[value=, offset=0]}}}}}}]
}}]}
localHeap=HdfLocalHeap{signature='HEAP', version=0, heapData=HdfLocalHeapData{, dataSegmentSize=88, freeListOffset=72, dataSegmentAddress=null, heapData={0=HdfLocalHeapDataValue[value=, offset=0], 8=HdfLocalHeapDataValue[value=Ambient_Temperature, offset=8], 32=HdfLocalHeapDataValue[value=Land_Vehicles, offset=32], 48=HdfLocalHeapDataValue[value=Air_Vehicles, offset=48], 64=HdfLocalHeapDataValue[value=DS1, offset=64]}}}}
Ambient_Temperature
HdfData(HdfData[][]) read   = [[66.80000000000001, 66.9, 67.0, 67.10000000000001, 67.2, 67.30000000000001, 67.4, 67.5, 67.60000000000001, 67.7, 67.80000000000001, 67.9, 68.0, 68.10000000000001, 68.2, 68.30000000000001, 68.4, 68.5, 68.60000000000001, 68.7, 68.80000000000001, 68.9, 69.0, 69.10000000000001, 69.2, 69.30000000000001, 69.4, 69.5, 69.60000000000001, 69.7, 69.80000000000001, 69.9], [66.9, 67.0, 67.1, 67.2, 67.3, 67.4, 67.5, 67.6, 67.7, 67.8, 67.9, 68.0, 68.1, 68.2, 68.3, 68.4, 68.5, 68.6, 68.7, 68.8, 68.9, 69.0, 69.1, 69.2, 69.3, 69.4, 69.5, 69.6, 69.7, 69.8, 69.9, 70.0], [67.0, 67.1, 67.19999999999999, 67.3, 67.39999999999999, 67.5, 67.6, 67.69999999999999, 67.8, 67.89999999999999, 68.0, 68.1, 68.19999999999999, 68.3, 68.39999999999999, 68.5, 68.6, 68.69999999999999, 68.8, 68.89999999999999, 69.0, 69.1, 69.19999999999999, 69.3, 69.39999999999999, 69.5, 69.6, 69.69999999999999, 69.8, 69.89999999999999, 70.0, 70.1], [67.10000000000001, 67.2, 67.3, 67.4, 67.5, 67.60000000000001, 67.7, 67.8, 67.9, 68.0, 68.10000000000001, 68.2, 68.3, 68.4, 68.5, 68.60000000000001, 68.7, 68.8, 68.9, 69.0, 69.10000000000001, 69.2, 69.3, 69.4, 69.5, 69.60000000000001, 69.7, 69.8, 69.9, 70.0, 70.10000000000001, 70.2], [67.2, 67.3, 67.39999999999999, 67.5, 67.6, 67.7, 67.8, 67.89999999999999, 68.0, 68.1, 68.2, 68.3, 68.39999999999999, 68.5, 68.6, 68.7, 68.8, 68.89999999999999, 69.0, 69.1, 69.2, 69.3, 69.39999999999999, 69.5, 69.6, 69.7, 69.8, 69.89999999999999, 70.0, 70.1, 70.2, 70.3], [67.30000000000001, 67.4, 67.5, 67.60000000000001, 67.7, 67.80000000000001, 67.9, 68.0, 68.10000000000001, 68.2, 68.30000000000001, 68.4, 68.5, 68.60000000000001, 68.7, 68.80000000000001, 68.9, 69.0, 69.10000000000001, 69.2, 69.30000000000001, 69.4, 69.5, 69.60000000000001, 69.7, 69.80000000000001, 69.9, 70.0, 70.10000000000001, 70.2, 70.30000000000001, 70.4], [67.4, 67.5, 67.6, 67.7, 67.8, 67.9, 68.0, 68.1, 68.2, 68.3, 68.4, 68.5, 68.6, 68.7, 68.8, 68.9, 69.0, 69.1, 69.2, 69.3, 69.4, 69.5, 69.6, 69.7, 69.8, 69.9, 70.0, 70.1, 70.2, 70.3, 70.4, 70.5], [67.5, 67.6, 67.69999999999999, 67.8, 67.89999999999999, 68.0, 68.1, 68.19999999999999, 68.3, 68.39999999999999, 68.5, 68.6, 68.69999999999999, 68.8, 68.89999999999999, 69.0, 69.1, 69.19999999999999, 69.3, 69.39999999999999, 69.5, 69.6, 69.69999999999999, 69.8, 69.89999999999999, 70.0, 70.1, 70.19999999999999, 70.3, 70.39999999999999, 70.5, 70.6], [67.60000000000001, 67.7, 67.8, 67.9, 68.0, 68.10000000000001, 68.2, 68.3, 68.4, 68.5, 68.60000000000001, 68.7, 68.8, 68.9, 69.0, 69.10000000000001, 69.2, 69.3, 69.4, 69.5, 69.60000000000001, 69.7, 69.8, 69.9, 70.0, 70.10000000000001, 70.2, 70.3, 70.4, 70.5, 70.60000000000001, 70.7], [67.7, 67.8, 67.89999999999999, 68.0, 68.1, 68.2, 68.3, 68.39999999999999, 68.5, 68.6, 68.7, 68.8, 68.89999999999999, 69.0, 69.1, 69.2, 69.3, 69.39999999999999, 69.5, 69.6, 69.7, 69.8, 69.89999999999999, 70.0, 70.1, 70.2, 70.3, 70.39999999999999, 70.5, 70.6, 70.7, 70.8], [67.80000000000001, 67.9, 68.0, 68.10000000000001, 68.2, 68.30000000000001, 68.4, 68.5, 68.60000000000001, 68.7, 68.80000000000001, 68.9, 69.0, 69.10000000000001, 69.2, 69.30000000000001, 69.4, 69.5, 69.60000000000001, 69.7, 69.80000000000001, 69.9, 70.0, 70.10000000000001, 70.2, 70.30000000000001, 70.4, 70.5, 70.60000000000001, 70.7, 70.80000000000001, 70.9], [67.9, 68.0, 68.1, 68.2, 68.3, 68.4, 68.5, 68.6, 68.7, 68.8, 68.9, 69.0, 69.1, 69.2, 69.3, 69.4, 69.5, 69.6, 69.7, 69.8, 69.9, 70.0, 70.1, 70.2, 70.3, 70.4, 70.5, 70.6, 70.7, 70.8, 70.9, 71.0], [68.0, 68.1, 68.19999999999999, 68.3, 68.39999999999999, 68.5, 68.6, 68.69999999999999, 68.8, 68.89999999999999, 69.0, 69.1, 69.19999999999999, 69.3, 69.39999999999999, 69.5, 69.6, 69.69999999999999, 69.8, 69.89999999999999, 70.0, 70.1, 70.19999999999999, 70.3, 70.39999999999999, 70.5, 70.6, 70.69999999999999, 70.8, 70.89999999999999, 71.0, 71.1], [68.10000000000001, 68.2, 68.3, 68.4, 68.5, 68.60000000000001, 68.7, 68.8, 68.9, 69.0, 69.10000000000001, 69.2, 69.3, 69.4, 69.5, 69.60000000000001, 69.7, 69.8, 69.9, 70.0, 70.10000000000001, 70.2, 70.3, 70.4, 70.5, 70.60000000000001, 70.7, 70.8, 70.9, 71.0, 71.10000000000001, 71.2], [68.2, 68.3, 68.39999999999999, 68.5, 68.6, 68.7, 68.8, 68.89999999999999, 69.0, 69.1, 69.2, 69.3, 69.39999999999999, 69.5, 69.6, 69.7, 69.8, 69.89999999999999, 70.0, 70.1, 70.2, 70.3, 70.39999999999999, 70.5, 70.6, 70.7, 70.8, 70.89999999999999, 71.0, 71.1, 71.2, 71.3], [68.30000000000001, 68.4, 68.5, 68.60000000000001, 68.7, 68.80000000000001, 68.9, 69.0, 69.10000000000001, 69.2, 69.30000000000001, 69.4, 69.5, 69.60000000000001, 69.7, 69.80000000000001, 69.9, 70.0, 70.10000000000001, 70.2, 70.30000000000001, 70.4, 70.5, 70.60000000000001, 70.7, 70.80000000000001, 70.9, 71.0, 71.10000000000001, 71.2, 71.30000000000001, 71.4], [68.4, 68.5, 68.6, 68.7, 68.8, 68.9, 69.0, 69.1, 69.2, 69.3, 69.4, 69.5, 69.6, 69.7, 69.8, 69.9, 70.0, 70.1, 70.2, 70.3, 70.4, 70.5, 70.6, 70.7, 70.8, 70.9, 71.0, 71.1, 71.2, 71.3, 71.4, 71.5], [68.5, 68.6, 68.69999999999999, 68.8, 68.89999999999999, 69.0, 69.1, 69.19999999999999, 69.3, 69.39999999999999, 69.5, 69.6, 69.69999999999999, 69.8, 69.89999999999999, 70.0, 70.1, 70.19999999999999, 70.3, 70.39999999999999, 70.5, 70.6, 70.69999999999999, 70.8, 70.89999999999999, 71.0, 71.1, 71.19999999999999, 71.3, 71.39999999999999, 71.5, 71.6], [68.60000000000001, 68.7, 68.8, 68.9, 69.0, 69.10000000000001, 69.2, 69.3, 69.4, 69.5, 69.60000000000001, 69.7, 69.8, 69.9, 70.0, 70.10000000000001, 70.2, 70.3, 70.4, 70.5, 70.60000000000001, 70.7, 70.8, 70.9, 71.0, 71.10000000000001, 71.2, 71.3, 71.4, 71.5, 71.60000000000001, 71.7], [68.7, 68.8, 68.89999999999999, 69.0, 69.1, 69.2, 69.3, 69.39999999999999, 69.5, 69.6, 69.7, 69.8, 69.89999999999999, 70.0, 70.1, 70.2, 70.3, 70.39999999999999, 70.5, 70.6, 70.7, 70.8, 70.89999999999999, 71.0, 71.1, 71.2, 71.3, 71.39999999999999, 71.5, 71.6, 71.7, 71.8], [68.80000000000001, 68.9, 69.0, 69.10000000000001, 69.2, 69.30000000000001, 69.4, 69.5, 69.60000000000001, 69.7, 69.80000000000001, 69.9, 70.0, 70.10000000000001, 70.2, 70.30000000000001, 70.4, 70.5, 70.60000000000001, 70.7, 70.80000000000001, 70.9, 71.0, 71.10000000000001, 71.2, 71.30000000000001, 71.4, 71.5, 71.60000000000001, 71.7, 71.80000000000001, 71.9], [68.9, 69.0, 69.1, 69.2, 69.3, 69.4, 69.5, 69.6, 69.7, 69.8, 69.9, 70.0, 70.1, 70.2, 70.3, 70.4, 70.5, 70.6, 70.7, 70.8, 70.9, 71.0, 71.1, 71.2, 71.3, 71.4, 71.5, 71.6, 71.7, 71.8, 71.9, 72.0], [69.0, 69.1, 69.19999999999999, 69.3, 69.39999999999999, 69.5, 69.6, 69.69999999999999, 69.8, 69.89999999999999, 70.0, 70.1, 70.19999999999999, 70.3, 70.39999999999999, 70.5, 70.6, 70.69999999999999, 70.8, 70.89999999999999, 71.0, 71.1, 71.19999999999999, 71.3, 71.39999999999999, 71.5, 71.6, 71.69999999999999, 71.8, 71.89999999999999, 72.0, 72.1], [69.10000000000001, 69.2, 69.3, 69.4, 69.5, 69.60000000000001, 69.7, 69.8, 69.9, 70.0, 70.10000000000001, 70.2, 70.3, 70.4, 70.5, 70.60000000000001, 70.7, 70.8, 70.9, 71.0, 71.10000000000001, 71.2, 71.3, 71.4, 71.5, 71.60000000000001, 71.7, 71.8, 71.9, 72.0, 72.10000000000001, 72.2], [69.2, 69.3, 69.39999999999999, 69.5, 69.6, 69.7, 69.8, 69.89999999999999, 70.0, 70.1, 70.2, 70.3, 70.39999999999999, 70.5, 70.6, 70.7, 70.8, 70.89999999999999, 71.0, 71.1, 71.2, 71.3, 71.39999999999999, 71.5, 71.6, 71.7, 71.8, 71.89999999999999, 72.0, 72.1, 72.2, 72.3], [69.30000000000001, 69.4, 69.5, 69.60000000000001, 69.7, 69.80000000000001, 69.9, 70.0, 70.10000000000001, 70.2, 70.30000000000001, 70.4, 70.5, 70.60000000000001, 70.7, 70.80000000000001, 70.9, 71.0, 71.10000000000001, 71.2, 71.30000000000001, 71.4, 71.5, 71.60000000000001, 71.7, 71.80000000000001, 71.9, 72.0, 72.10000000000001, 72.2, 72.30000000000001, 72.4], [69.4, 69.5, 69.6, 69.7, 69.8, 69.9, 70.0, 70.1, 70.2, 70.3, 70.4, 70.5, 70.6, 70.7, 70.8, 70.9, 71.0, 71.1, 71.2, 71.3, 71.4, 71.5, 71.6, 71.7, 71.8, 71.9, 72.0, 72.1, 72.2, 72.3, 72.4, 72.5], [69.5, 69.6, 69.69999999999999, 69.8, 69.89999999999999, 70.0, 70.1, 70.19999999999999, 70.3, 70.39999999999999, 70.5, 70.6, 70.69999999999999, 70.8, 70.89999999999999, 71.0, 71.1, 71.19999999999999, 71.3, 71.39999999999999, 71.5, 71.6, 71.69999999999999, 71.8, 71.89999999999999, 72.0, 72.1, 72.19999999999999, 72.3, 72.39999999999999, 72.5, 72.6], [69.60000000000001, 69.7, 69.8, 69.9, 70.0, 70.10000000000001, 70.2, 70.3, 70.4, 70.5, 70.60000000000001, 70.7, 70.8, 70.9, 71.0, 71.10000000000001, 71.2, 71.3, 71.4, 71.5, 71.60000000000001, 71.7, 71.8, 71.9, 72.0, 72.10000000000001, 72.2, 72.3, 72.4, 72.5, 72.60000000000001, 72.7], [69.7, 69.8, 69.89999999999999, 70.0, 70.1, 70.2, 70.3, 70.39999999999999, 70.5, 70.6, 70.7, 70.8, 70.89999999999999, 71.0, 71.1, 71.2, 71.3, 71.39999999999999, 71.5, 71.6, 71.7, 71.8, 71.89999999999999, 72.0, 72.1, 72.2, 72.3, 72.39999999999999, 72.5, 72.6, 72.7, 72.8], [69.80000000000001, 69.9, 70.0, 70.10000000000001, 70.2, 70.30000000000001, 70.4, 70.5, 70.60000000000001, 70.7, 70.80000000000001, 70.9, 71.0, 71.10000000000001, 71.2, 71.30000000000001, 71.4, 71.5, 71.60000000000001, 71.7, 71.80000000000001, 71.9, 72.0, 72.10000000000001, 72.2, 72.30000000000001, 72.4, 72.5, 72.60000000000001, 72.7, 72.80000000000001, 72.9], [69.9, 70.0, 70.1, 70.2, 70.3, 70.4, 70.5, 70.6, 70.7, 70.8, 70.9, 71.0, 71.1, 71.2, 71.3, 71.4, 71.5, 71.6, 71.7, 71.8, 71.9, 72.0, 72.1, 72.2, 72.3, 72.4, 72.5, 72.6, 72.7, 72.8, 72.9, 73.0]]
